1 -11.782776 4.555222
2 -7.463281 12.817558
3 8.776873 24.463554
4 16.210578 27.574655
5 -17.984356 7.831452
6 -12.681217 12.046277
7 20.663979 24.823476
8 19.929036 25.248710
9 -19.726025 7.377147
10 -19.414313 6.933828
11 23.128900 20.289813
12 22.876501 17.217374
13 -21.179681 4.908770
14 -20.750362 3.832014
15 24.366185 12.347146
16 23.798673 5.969309
17 -20.824652 -2.149473
18 -20.691701 0.068777
19 23.473123 -18.716927
20 22.585859 -13.700893
21 -19.418324 -4.736357
22 -19.391821 -3.343673
23 19.428369 -32.686553
24 18.352804 -29.897421
25 -13.226800 -11.601783
26 -16.615359 -5.458090
27 11.049489 -42.442506
28 8.809973 -35.304614
29 -9.737172 -13.658434
30 -12.562503 -4.608358
